29|18
~~~~~~~~~~~~~~~~~~~~~~~~~~~~~
~~|YYYYYYYYYYYYYYYYY||~~~|||~
~~Y-----------------GGGG~~|||
~~Y-GGGGGGG-GGGGGGG---------H
~~Y--GGG||G-G|TT||G-GGG-Y~Y-H
~~~Y---G||G-F|TT||G-GTG-Y~Y-H
~~~|YY-G||G-G|||GGG-GGG-Y~Y-H
~~~~|Y-GGGG-G|GGG-----------H
~~~~~Y------GGG---GGGGGG~~Y-H
~~~~~~YY-YY-----GGT~~~~~~x--H
~||~~~~~-~~GGG-GT~~~xxxxxxxxH
~|||~~~~-~~~TG-G~~~~~xxxxxxxx
~|TTTGG~-~~~~GG~~~~||xxxxxxxx
~~TTG-YY-Y~~~~~~~|||Txxxxxxxx
~||TY-Y---G~~~~|||TTT||||||TT
~|||Y---G-G||~~||TTT||~~~~||T
~|~~~YYGGGT||~~~~||||~~~~~~||
~~~~~~~~~~~~~~~~~~~~~~~~~~~~~
70
100
41
15|10|2
16|7|4
18|8|6
18|5|8
18|3|10
16|1|12
14|1|14
13|3|16
11|1|18
9|3|20
7|3|22
6|1|24
5|3|26
2|3|28
3|5|30
5|6|32
7|7|34
10|9|36
12|8|38
16|9|40
18|6|42
20|6|44
22|8|46
24|6|48
22|4|50
24|4|52
26|4|54
28|5|56
28|6|58
28|7|60
28|8|62
26|8|64
22|6|66
20|4|68
20|2|70
18|1|72
16|3|74
15|3|76
13|1|78
10|4|80
10|6|82
0
